OBFUSCATEDCODE 246327526472532847382567324525436225362325325 246327526472532847382567324525436225362325325 246327526472532847382567324525436225362325325 246327526472532847382567324525436225362325325 246327526472532847382567324525436225362325325 246327526472532847382567324525436225362325325 246327526472532847382567324525436225362325325 246327526472532847382567324525436225362325325
OBFUSCATEDCODE 246327526472532847382567324525436225362325325 246327526472532847382567324525436225362325325 246327526472532847382567324525436225362325325 246327526472532847382567324525436225362325325 246327526472532847382567324525436225362325325 246327526472532847382567324525436225362325325 246327526472532847382567324525436225362325325 246327526472532847382567324525436225362325325OBFUSCATEDCODE 246327526472532847382567324525436225362325325 246327526472532847382567324525436225362325325 246327526472532847382567324525436225362325325 246327526472532847382567324525436225362325325 246327526472532847382567324525436225362325325 246327526472532847382567324525436225362325325 246327526472532847382567324525436225362325325 246327526472532847382567324525436225362325325OBFUSCATEDCODE 246327526472532847382567324525436225362325325 246327526472532847382567324525436225362325325 246327526472532847382567324525436225362325325 246327526472532847382567324525436225362325325 246327526472532847382567324525436225362325325 246327526472532847382567324525436225362325325 246327526472532847382567324525436225362325325 246327526472532847382567324525436225362325325OBFUSCATEDCODE 246327526472532847382567324525436225362325325 246327526472532847382567324525436225362325325 246327526472532847382567324525436225362325325 246327526472532847382567324525436225362325325 246327526472532847382567324525436225362325325 246327526472532847382567324525436225362325325 246327526472532847382567324525436225362325325 246327526472532847382567324525436225362325325
OBFUSCATEDCODE 246327526472532847382567324525436225362325325 246327526472532847382567324525436225362325325 246327526472532847382567324525436225362325325 246327526472532847382567324525436225362325325 246327526472532847382567324525436225362325325 246327526472532847382567324525436225362325325 246327526472532847382567324525436225362325325 246327526472532847382567324525436225362325325
OBFUSCATEDCODE 246327526472532847382567324525436225362325325 246327526472532847382567324525436225362325325 246327526472532847382567324525436225362325325 246327526472532847382567324525436225362325325 246327526472532847382567324525436225362325325 246327526472532847382567324525436225362325325 246327526472532847382567324525436225362325325 246327526472532847382567324525436225362325325

OBFUSCATEDCODE 246327526472532847382567324525436225362325325 246327526472532847382567324525436225362325325 246327526472532847382567324525436225362325325 246327526472532847382567324525436225362325325 246327526472532847382567324525436225362325325 246327526472532847382567324525436225362325325 246327526472532847382567324525436225362325325 246327526472532847382567324525436225362325325
OBFUSCATEDCODE 246327526472532847382567324525436225362325325 246327526472532847382567324525436225362325325 246327526472532847382567324525436225362325325 246327526472532847382567324525436225362325325 246327526472532847382567324525436225362325325 246327526472532847382567324525436225362325325 246327526472532847382567324525436225362325325 246327526472532847382567324525436225362325325

OBFUSCATEDCODE 246327526472532847382567324525436225362325325 246327526472532847382567324525436225362325325 246327526472532847382567324525436225362325325 246327526472532847382567324525436225362325325 246327526472532847382567324525436225362325325 246327526472532847382567324525436225362325325 246327526472532847382567324525436225362325325 246327526472532847382567324525436225362325325

OBFUSCATEDCODE 246327526472532847382567324525436225362325325 246327526472532847382567324525436225362325325 246327526472532847382567324525436225362325325 246327526472532847382567324525436225362325325 246327526472532847382567324525436225362325325 246327526472532847382567324525436225362325325 246327526472532847382567324525436225362325325 246327526472532847382567324525436225362325325


OBFUSCATEDCODE 246327526472532847382567324525436225362325325 246327526472532847382567324525436225362325325 246327526472532847382567324525436225362325325 246327526472532847382567324525436225362325325 246327526472532847382567324525436225362325325 246327526472532847382567324525436225362325325 246327526472532847382567324525436225362325325 246327526472532847382567324525436225362325325

OBFUSCATEDCODE 246327526472532847382567324525436225362325325 246327526472532847382567324525436225362325325 246327526472532847382567324525436225362325325 246327526472532847382567324525436225362325325 246327526472532847382567324525436225362325325 246327526472532847382567324525436225362325325 246327526472532847382567324525436225362325325 246327526472532847382567324525436225362325325OBFUSCATEDCODE 246327526472532847382567324525436225362325325 246327526472532847382567324525436225362325325 246327526472532847382567324525436225362325325 246327526472532847382567324525436225362325325 246327526472532847382567324525436225362325325 246327526472532847382567324525436225362325325 246327526472532847382567324525436225362325325 246327526472532847382567324525436225362325325OBFUSCATEDCODE 246327526472532847382567324525436225362325325 246327526472532847382567324525436225362325325 246327526472532847382567324525436225362325325 246327526472532847382567324525436225362325325 246327526472532847382567324525436225362325325 246327526472532847382567324525436225362325325 246327526472532847382567324525436225362325325 246327526472532847382567324525436225362325325OBFUSCATEDCODE 246327526472532847382567324525436225362325325 246327526472532847382567324525436225362325325 246327526472532847382567324525436225362325325 246327526472532847382567324525436225362325325 246327526472532847382567324525436225362325325 246327526472532847382567324525436225362325325 246327526472532847382567324525436225362325325 246327526472532847382567324525436225362325325OBFUSCATEDCODE 246327526472532847382567324525436225362325325 246327526472532847382567324525436225362325325 246327526472532847382567324525436225362325325 246327526472532847382567324525436225362325325 246327526472532847382567324525436225362325325 246327526472532847382567324525436225362325325 246327526472532847382567324525436225362325325 246327526472532847382567324525436225362325325OBFUSCATEDCODE 246327526472532847382567324525436225362325325 246327526472532847382567324525436225362325325 246327526472532847382567324525436225362325325 246327526472532847382567324525436225362325325 246327526472532847382567324525436225362325325 246327526472532847382567324525436225362325325 246327526472532847382567324525436225362325325 246327526472532847382567324525436225362325325
OBFUSCATEDCODE 246327526472532847382567324525436225362325325 246327526472532847382567324525436225362325325 246327526472532847382567324525436225362325325 246327526472532847382567324525436225362325325 246327526472532847382567324525436225362325325 246327526472532847382567324525436225362325325 246327526472532847382567324525436225362325325 246327526472532847382567324525436225362325325OBFUSCATEDCODE 246327526472532847382567324525436225362325325 246327526472532847382567324525436225362325325 246327526472532847382567324525436225362325325 246327526472532847382567324525436225362325325 246327526472532847382567324525436225362325325 246327526472532847382567324525436225362325325 246327526472532847382567324525436225362325325 246327526472532847382567324525436225362325325
